Homo_sapiens	0
pan_paniscus	0.5651260504201681	0
pan_troglodytes	0.5651260504201681	0.0	0
gorilla	0.5630252100840336	0.008403361344537785	0.008403361344537785	0
Hylobates_moloch	0.5651260504201681	0.008403361344537785	0.008403361344537785	0.008403361344537785	0
nomascus_leucogenys	0.5651260504201681	0.008403361344537785	0.008403361344537785	0.008403361344537785	0.0	0
pongo_abelii	0.5651260504201681	0.010504201680672232	0.010504201680672232	0.010504201680672232	0.006302521008403339	0.006302521008403339	0
trichechus_manatus	0.569327731092437	0.05672268907563027	0.05672268907563027	0.054621848739495826	0.05672268907563027	0.05672268907563027	0.054621848739495826	0
bison	0.5525210084033614	0.054621848739495826	0.054621848739495826	0.054621848739495826	0.054621848739495826	0.054621848739495826	0.05252100840336138	0.0672268907563025	0
Miniopterus_natalensis	0.5588235294117647	0.054621848739495826	0.054621848739495826	0.05252100840336138	0.054621848739495826	0.054621848739495826	0.05252100840336138	0.05252100840336138	0.04201680672268904	0
	Homo_sapiens	pan_paniscus	pan_troglodytes	gorilla	Hylobates_moloch	nomascus_leucogenys	pongo_abelii	trichechus_manatus	bison	Miniopterus_natalensis