bison	0
Miniopterus_natalensis	0.04405286343612336	0
trichechus_manatus	0.07048458149779735	0.05506607929515417	0
pongo_abelii	0.05506607929515417	0.05506607929515417	0.05726872246696035	0
Hylobates_moloch	0.05726872246696035	0.05726872246696035	0.05947136563876654	0.0066079295154185536	0
nomascus_leucogenys	0.05726872246696035	0.05726872246696035	0.05947136563876654	0.0066079295154185536	0.0	0
pan_paniscus	0.05726872246696035	0.05726872246696035	0.05947136563876654	0.011013215859030812	0.008810572687224627	0.008810572687224627	0
pan_troglodytes	0.05726872246696035	0.05726872246696035	0.05947136563876654	0.011013215859030812	0.008810572687224627	0.008810572687224627	0.0	0
gorilla	0.05726872246696035	0.05506607929515417	0.05726872246696035	0.011013215859030812	0.008810572687224627	0.008810572687224627	0.008810572687224627	0.008810572687224627	0
Homo_sapiens	0.552863436123348	0.552863436123348	0.5572687224669604	0.5572687224669604	0.5572687224669604	0.5572687224669604	0.5594713656387665	0.5594713656387665	0.5572687224669604	0
	bison	Miniopterus_natalensis	trichechus_manatus	pongo_abelii	Hylobates_moloch	nomascus_leucogenys	pan_paniscus	pan_troglodytes	gorilla	Homo_sapiens